# New cube (random colored triangles)
-2.0 -0.5 4.5 -1.0 0.5 4.5 -1.0 -0.5 4.5 128 128 128
-2.0 -0.5 4.5 -2.0 0.5 4.5 -1.0 0.5 4.5 128 128 128
-2.0 -0.5 5.5 -1.0 -0.5 5.5 -1.0 0.5 5.5 128 128 128
-2.0 -0.5 5.5 -1.0 0.5 5.5 -2.0 0.5 5.5 128 128 128
-2.0 -0.5 4.5 -1.0 -0.5 4.5 -1.0 -0.5 5.5 128 128 128
-2.0 -0.5 4.5 -1.0 -0.5 5.5 -2.0 -0.5 5.5 128 128 128
-1.0 0.5 4.5 -2.0 0.5 4.5 -2.0 0.5 5.5 128 128 128
-1.0 0.5 4.5 -2.0 0.5 5.5 -1.0 0.5 5.5 128 128 128
-2.0 -0.5 4.5 -2.0 -0.5 5.5 -2.0 0.5 5.5 128 128 128
-2.0 -0.5 4.5 -2.0 0.5 5.5 -2.0 0.5 4.5 128 128 128
-1.0 -0.5 4.5 -1.0 0.5 4.5 -1.0 0.5 5.5 128 128 128
-1.0 -0.5 4.5 -1.0 0.5 5.5 -1.0 -0.5 5.5 128 128 128


# New sphere (random colored triangles)
0.0 0.0 22.0 0.7653668647301796 0.0 21.847759065022572 0.541196100146197 0.541196100146197 21.847759065022572 128 128 128
0.0 0.0 22.0 0.541196100146197 0.541196100146197 21.847759065022572 0.0 0.0 22.0 128 128 128
0.0 0.0 22.0 0.541196100146197 0.541196100146197 21.847759065022572 4.6865204053262986e-17 0.7653668647301796 21.847759065022572 128 128 128
0.0 0.0 22.0 4.6865204053262986e-17 0.7653668647301796 21.847759065022572 0.0 0.0 22.0 128 128 128
0.0 0.0 22.0 4.6865204053262986e-17 0.7653668647301796 21.847759065022572 -0.5411961001461969 0.541196100146197 21.847759065022572 128 128 128
0.0 0.0 22.0 -0.5411961001461969 0.541196100146197 21.847759065022572 0.0 0.0 22.0 128 128 128
0.0 0.0 22.0 -0.5411961001461969 0.541196100146197 21.847759065022572 -0.7653668647301796 9.373040810652597e-17 21.847759065022572 128 128 128
0.0 0.0 22.0 -0.7653668647301796 9.373040810652597e-17 21.847759065022572 0.0 0.0 22.0 128 128 128
0.0 0.0 22.0 -0.7653668647301796 9.373040810652597e-17 21.847759065022572 -0.5411961001461971 -0.5411961001461969 21.847759065022572 128 128 128
0.0 0.0 22.0 -0.5411961001461971 -0.5411961001461969 21.847759065022572 0.0 0.0 22.0 128 128 128
0.0 0.0 22.0 -0.5411961001461971 -0.5411961001461969 21.847759065022572 -1.4059561215978895e-16 -0.7653668647301796 21.847759065022572 128 128 128
0.0 0.0 22.0 -1.4059561215978895e-16 -0.7653668647301796 21.847759065022572 0.0 0.0 22.0 128 128 128
0.0 0.0 22.0 -1.4059561215978895e-16 -0.7653668647301796 21.847759065022572 0.5411961001461969 -0.5411961001461971 21.847759065022572 128 128 128
0.0 0.0 22.0 0.5411961001461969 -0.5411961001461971 21.847759065022572 0.0 0.0 22.0 128 128 128
0.0 0.0 22.0 0.5411961001461969 -0.5411961001461971 21.847759065022572 0.7653668647301796 0.0 21.847759065022572 128 128 128
0.0 0.0 22.0 0.7653668647301796 0.0 21.847759065022572 0.0 0.0 22.0 128 128 128
0.7653668647301796 0.0 21.847759065022572 1.4142135623730951 0.0 21.414213562373096 1.0000000000000002 1.0000000000000002 21.414213562373096 128 128 128
0.7653668647301796 0.0 21.847759065022572 1.0000000000000002 1.0000000000000002 21.414213562373096 0.541196100146197 0.541196100146197 21.847759065022572 128 128 128
0.541196100146197 0.541196100146197 21.847759065022572 1.0000000000000002 1.0000000000000002 21.414213562373096 8.659560562354934e-17 1.4142135623730951 21.414213562373096 128 128 128
0.541196100146197 0.541196100146197 21.847759065022572 8.659560562354934e-17 1.4142135623730951 21.414213562373096 4.6865204053262986e-17 0.7653668647301796 21.847759065022572 128 128 128
4.6865204053262986e-17 0.7653668647301796 21.847759065022572 8.659560562354934e-17 1.4142135623730951 21.414213562373096 -1.0 1.0000000000000002 21.414213562373096 128 128 128
4.6865204053262986e-17 0.7653668647301796 21.847759065022572 -1.0 1.0000000000000002 21.414213562373096 -0.5411961001461969 0.541196100146197 21.847759065022572 128 128 128
-0.5411961001461969 0.541196100146197 21.847759065022572 -1.0 1.0000000000000002 21.414213562373096 -1.4142135623730951 1.7319121124709868e-16 21.414213562373096 128 128 128
-0.5411961001461969 0.541196100146197 21.847759065022572 -1.4142135623730951 1.7319121124709868e-16 21.414213562373096 -0.7653668647301796 9.373040810652597e-17 21.847759065022572 128 128 128
-0.7653668647301796 9.373040810652597e-17 21.847759065022572 -1.4142135623730951 1.7319121124709868e-16 21.414213562373096 -1.0000000000000002 -1.0 21.414213562373096 128 128 128
-0.7653668647301796 9.373040810652597e-17 21.847759065022572 -1.0000000000000002 -1.0 21.414213562373096 -0.5411961001461971 -0.5411961001461969 21.847759065022572 128 128 128
-0.5411961001461971 -0.5411961001461969 21.847759065022572 -1.0000000000000002 -1.0 21.414213562373096 -2.59786816870648e-16 -1.4142135623730951 21.414213562373096 128 128 128
-0.5411961001461971 -0.5411961001461969 21.847759065022572 -2.59786816870648e-16 -1.4142135623730951 21.414213562373096 -1.4059561215978895e-16 -0.7653668647301796 21.847759065022572 128 128 128
-1.4059561215978895e-16 -0.7653668647301796 21.847759065022572 -2.59786816870648e-16 -1.4142135623730951 21.414213562373096 0.9999999999999998 -1.0000000000000002 21.414213562373096 128 128 128
-1.4059561215978895e-16 -0.7653668647301796 21.847759065022572 0.9999999999999998 -1.0000000000000002 21.414213562373096 0.5411961001461969 -0.5411961001461971 21.847759065022572 128 128 128
0.5411961001461969 -0.5411961001461971 21.847759065022572 0.9999999999999998 -1.0000000000000002 21.414213562373096 1.4142135623730951 0.0 21.414213562373096 128 128 128
0.5411961001461969 -0.5411961001461971 21.847759065022572 1.4142135623730951 0.0 21.414213562373096 0.7653668647301796 0.0 21.847759065022572 128 128 128
1.4142135623730951 0.0 21.414213562373096 1.8477590650225735 0.0 20.76536686473018 1.3065629648763766 1.3065629648763766 20.76536686473018 128 128 128
1.4142135623730951 0.0 21.414213562373096 1.3065629648763766 1.3065629648763766 20.76536686473018 1.0000000000000002 1.0000000000000002 21.414213562373096 128 128 128
1.0000000000000002 1.0000000000000002 21.414213562373096 1.3065629648763766 1.3065629648763766 20.76536686473018 1.1314261122877003e-16 1.8477590650225735 20.76536686473018 128 128 128
1.0000000000000002 1.0000000000000002 21.414213562373096 1.1314261122877003e-16 1.8477590650225735 20.76536686473018 8.659560562354934e-17 1.4142135623730951 21.414213562373096 128 128 128
8.659560562354934e-17 1.4142135623730951 21.414213562373096 1.1314261122877003e-16 1.8477590650225735 20.76536686473018 -1.3065629648763764 1.3065629648763766 20.76536686473018 128 128 128
8.659560562354934e-17 1.4142135623730951 21.414213562373096 -1.3065629648763764 1.3065629648763766 20.76536686473018 -1.0 1.0000000000000002 21.414213562373096 128 128 128
-1.0 1.0000000000000002 21.414213562373096 -1.3065629648763764 1.3065629648763766 20.76536686473018 -1.8477590650225735 2.2628522245754005e-16 20.76536686473018 128 128 128
-1.0 1.0000000000000002 21.414213562373096 -1.8477590650225735 2.2628522245754005e-16 20.76536686473018 -1.4142135623730951 1.7319121124709868e-16 21.414213562373096 128 128 128
-1.4142135623730951 1.7319121124709868e-16 21.414213562373096 -1.8477590650225735 2.2628522245754005e-16 20.76536686473018 -1.3065629648763768 -1.3065629648763764 20.76536686473018 128 128 128
-1.4142135623730951 1.7319121124709868e-16 21.414213562373096 -1.3065629648763768 -1.3065629648763764 20.76536686473018 -1.0000000000000002 -1.0 21.414213562373096 128 128 128
-1.0000000000000002 -1.0 21.414213562373096 -1.3065629648763768 -1.3065629648763764 20.76536686473018 -3.394278336863101e-16 -1.8477590650225735 20.76536686473018 128 128 128
-1.0000000000000002 -1.0 21.414213562373096 -3.394278336863101e-16 -1.8477590650225735 20.76536686473018 -2.59786816870648e-16 -1.4142135623730951 21.414213562373096 128 128 128
-2.59786816870648e-16 -1.4142135623730951 21.414213562373096 -3.394278336863101e-16 -1.8477590650225735 20.76536686473018 1.3065629648763761 -1.3065629648763768 20.76536686473018 128 128 128
-2.59786816870648e-16 -1.4142135623730951 21.414213562373096 1.3065629648763761 -1.3065629648763768 20.76536686473018 0.9999999999999998 -1.0000000000000002 21.414213562373096 128 128 128
0.9999999999999998 -1.0000000000000002 21.414213562373096 1.3065629648763761 -1.3065629648763768 20.76536686473018 1.8477590650225735 0.0 20.76536686473018 128 128 128
0.9999999999999998 -1.0000000000000002 21.414213562373096 1.8477590650225735 0.0 20.76536686473018 1.4142135623730951 0.0 21.414213562373096 128 128 128
1.8477590650225735 0.0 20.76536686473018 2.0 0.0 20.0 1.4142135623730951 1.4142135623730951 20.0 128 128 128
1.8477590650225735 0.0 20.76536686473018 1.4142135623730951 1.4142135623730951 20.0 1.3065629648763766 1.3065629648763766 20.76536686473018 128 128 128
1.3065629648763766 1.3065629648763766 20.76536686473018 1.4142135623730951 1.4142135623730951 20.0 1.2246467991473532e-16 2.0 20.0 128 128 128
1.3065629648763766 1.3065629648763766 20.76536686473018 1.2246467991473532e-16 2.0 20.0 1.1314261122877003e-16 1.8477590650225735 20.76536686473018 128 128 128
1.1314261122877003e-16 1.8477590650225735 20.76536686473018 1.2246467991473532e-16 2.0 20.0 -1.414213562373095 1.4142135623730951 20.0 128 128 128
1.1314261122877003e-16 1.8477590650225735 20.76536686473018 -1.414213562373095 1.4142135623730951 20.0 -1.3065629648763764 1.3065629648763766 20.76536686473018 128 128 128
-1.3065629648763764 1.3065629648763766 20.76536686473018 -1.414213562373095 1.4142135623730951 20.0 -2.0 2.4492935982947064e-16 20.0 128 128 128
-1.3065629648763764 1.3065629648763766 20.76536686473018 -2.0 2.4492935982947064e-16 20.0 -1.8477590650225735 2.2628522245754005e-16 20.76536686473018 128 128 128
-1.8477590650225735 2.2628522245754005e-16 20.76536686473018 -2.0 2.4492935982947064e-16 20.0 -1.4142135623730954 -1.414213562373095 20.0 128 128 128
-1.8477590650225735 2.2628522245754005e-16 20.76536686473018 -1.4142135623730954 -1.414213562373095 20.0 -1.3065629648763768 -1.3065629648763764 20.76536686473018 128 128 128
-1.3065629648763768 -1.3065629648763764 20.76536686473018 -1.4142135623730954 -1.414213562373095 20.0 -3.6739403974420594e-16 -2.0 20.0 128 128 128
-1.3065629648763768 -1.3065629648763764 20.76536686473018 -3.6739403974420594e-16 -2.0 20.0 -3.394278336863101e-16 -1.8477590650225735 20.76536686473018 128 128 128
-3.394278336863101e-16 -1.8477590650225735 20.76536686473018 -3.6739403974420594e-16 -2.0 20.0 1.4142135623730947 -1.4142135623730954 20.0 128 128 128
-3.394278336863101e-16 -1.8477590650225735 20.76536686473018 1.4142135623730947 -1.4142135623730954 20.0 1.3065629648763761 -1.3065629648763768 20.76536686473018 128 128 128
1.3065629648763761 -1.3065629648763768 20.76536686473018 1.4142135623730947 -1.4142135623730954 20.0 2.0 0.0 20.0 128 128 128
1.3065629648763761 -1.3065629648763768 20.76536686473018 2.0 0.0 20.0 1.8477590650225735 0.0 20.76536686473018 128 128 128
2.0 0.0 20.0 1.8477590650225735 0.0 19.23463313526982 1.3065629648763766 1.3065629648763766 19.23463313526982 128 128 128
2.0 0.0 20.0 1.3065629648763766 1.3065629648763766 19.23463313526982 1.4142135623730951 1.4142135623730951 20.0 128 128 128
1.4142135623730951 1.4142135623730951 20.0 1.3065629648763766 1.3065629648763766 19.23463313526982 1.1314261122877003e-16 1.8477590650225735 19.23463313526982 128 128 128
1.4142135623730951 1.4142135623730951 20.0 1.1314261122877003e-16 1.8477590650225735 19.23463313526982 1.2246467991473532e-16 2.0 20.0 128 128 128
1.2246467991473532e-16 2.0 20.0 1.1314261122877003e-16 1.8477590650225735 19.23463313526982 -1.3065629648763764 1.3065629648763766 19.23463313526982 128 128 128
1.2246467991473532e-16 2.0 20.0 -1.3065629648763764 1.3065629648763766 19.23463313526982 -1.414213562373095 1.4142135623730951 20.0 128 128 128
-1.414213562373095 1.4142135623730951 20.0 -1.3065629648763764 1.3065629648763766 19.23463313526982 -1.8477590650225735 2.2628522245754005e-16 19.23463313526982 128 128 128
-1.414213562373095 1.4142135623730951 20.0 -1.8477590650225735 2.2628522245754005e-16 19.23463313526982 -2.0 2.4492935982947064e-16 20.0 128 128 128
-2.0 2.4492935982947064e-16 20.0 -1.8477590650225735 2.2628522245754005e-16 19.23463313526982 -1.3065629648763768 -1.3065629648763764 19.23463313526982 128 128 128
-2.0 2.4492935982947064e-16 20.0 -1.3065629648763768 -1.3065629648763764 19.23463313526982 -1.4142135623730954 -1.414213562373095 20.0 128 128 128
-1.4142135623730954 -1.414213562373095 20.0 -1.3065629648763768 -1.3065629648763764 19.23463313526982 -3.394278336863101e-16 -1.8477590650225735 19.23463313526982 128 128 128
-1.4142135623730954 -1.414213562373095 20.0 -3.394278336863101e-16 -1.8477590650225735 19.23463313526982 -3.6739403974420594e-16 -2.0 20.0 128 128 128
-3.6739403974420594e-16 -2.0 20.0 -3.394278336863101e-16 -1.8477590650225735 19.23463313526982 1.3065629648763761 -1.3065629648763768 19.23463313526982 128 128 128
-3.6739403974420594e-16 -2.0 20.0 1.3065629648763761 -1.3065629648763768 19.23463313526982 1.4142135623730947 -1.4142135623730954 20.0 128 128 128
1.4142135623730947 -1.4142135623730954 20.0 1.3065629648763761 -1.3065629648763768 19.23463313526982 1.8477590650225735 0.0 19.23463313526982 128 128 128
1.4142135623730947 -1.4142135623730954 20.0 1.8477590650225735 0.0 19.23463313526982 2.0 0.0 20.0 128 128 128
1.8477590650225735 0.0 19.23463313526982 1.4142135623730951 0.0 18.585786437626904 1.0000000000000002 1.0000000000000002 18.585786437626904 128 128 128
1.8477590650225735 0.0 19.23463313526982 1.0000000000000002 1.0000000000000002 18.585786437626904 1.3065629648763766 1.3065629648763766 19.23463313526982 128 128 128
1.3065629648763766 1.3065629648763766 19.23463313526982 1.0000000000000002 1.0000000000000002 18.585786437626904 8.659560562354934e-17 1.4142135623730951 18.585786437626904 128 128 128
1.3065629648763766 1.3065629648763766 19.23463313526982 8.659560562354934e-17 1.4142135623730951 18.585786437626904 1.1314261122877003e-16 1.8477590650225735 19.23463313526982 128 128 128
1.1314261122877003e-16 1.8477590650225735 19.23463313526982 8.659560562354934e-17 1.4142135623730951 18.585786437626904 -1.0 1.0000000000000002 18.585786437626904 128 128 128
1.1314261122877003e-16 1.8477590650225735 19.23463313526982 -1.0 1.0000000000000002 18.585786437626904 -1.3065629648763764 1.3065629648763766 19.23463313526982 128 128 128
-1.3065629648763764 1.3065629648763766 19.23463313526982 -1.0 1.0000000000000002 18.585786437626904 -1.4142135623730951 1.7319121124709868e-16 18.585786437626904 128 128 128
-1.3065629648763764 1.3065629648763766 19.23463313526982 -1.4142135623730951 1.7319121124709868e-16 18.585786437626904 -1.8477590650225735 2.2628522245754005e-16 19.23463313526982 128 128 128
-1.8477590650225735 2.2628522245754005e-16 19.23463313526982 -1.4142135623730951 1.7319121124709868e-16 18.585786437626904 -1.0000000000000002 -1.0 18.585786437626904 128 128 128
-1.8477590650225735 2.2628522245754005e-16 19.23463313526982 -1.0000000000000002 -1.0 18.585786437626904 -1.3065629648763768 -1.3065629648763764 19.23463313526982 128 128 128
-1.3065629648763768 -1.3065629648763764 19.23463313526982 -1.0000000000000002 -1.0 18.585786437626904 -2.59786816870648e-16 -1.4142135623730951 18.585786437626904 128 128 128
-1.3065629648763768 -1.3065629648763764 19.23463313526982 -2.59786816870648e-16 -1.4142135623730951 18.585786437626904 -3.394278336863101e-16 -1.8477590650225735 19.23463313526982 128 128 128
-3.394278336863101e-16 -1.8477590650225735 19.23463313526982 -2.59786816870648e-16 -1.4142135623730951 18.585786437626904 0.9999999999999998 -1.0000000000000002 18.585786437626904 128 128 128
-3.394278336863101e-16 -1.8477590650225735 19.23463313526982 0.9999999999999998 -1.0000000000000002 18.585786437626904 1.3065629648763761 -1.3065629648763768 19.23463313526982 128 128 128
1.3065629648763761 -1.3065629648763768 19.23463313526982 0.9999999999999998 -1.0000000000000002 18.585786437626904 1.4142135623730951 0.0 18.585786437626904 128 128 128
1.3065629648763761 -1.3065629648763768 19.23463313526982 1.4142135623730951 0.0 18.585786437626904 1.8477590650225735 0.0 19.23463313526982 128 128 128
1.4142135623730951 0.0 18.585786437626904 0.7653668647301798 0.0 18.152240934977428 0.5411961001461972 0.5411961001461972 18.152240934977428 128 128 128
1.4142135623730951 0.0 18.585786437626904 0.5411961001461972 0.5411961001461972 18.152240934977428 1.0000000000000002 1.0000000000000002 18.585786437626904 128 128 128
1.0000000000000002 1.0000000000000002 18.585786437626904 0.5411961001461972 0.5411961001461972 18.152240934977428 4.6865204053263e-17 0.7653668647301798 18.152240934977428 128 128 128
1.0000000000000002 1.0000000000000002 18.585786437626904 4.6865204053263e-17 0.7653668647301798 18.152240934977428 8.659560562354934e-17 1.4142135623730951 18.585786437626904 128 128 128
8.659560562354934e-17 1.4142135623730951 18.585786437626904 4.6865204053263e-17 0.7653668647301798 18.152240934977428 -0.5411961001461971 0.5411961001461972 18.152240934977428 128 128 128
8.659560562354934e-17 1.4142135623730951 18.585786437626904 -0.5411961001461971 0.5411961001461972 18.152240934977428 -1.0 1.0000000000000002 18.585786437626904 128 128 128
-1.0 1.0000000000000002 18.585786437626904 -0.5411961001461971 0.5411961001461972 18.152240934977428 -0.7653668647301798 9.3730408106526e-17 18.152240934977428 128 128 128
-1.0 1.0000000000000002 18.585786437626904 -0.7653668647301798 9.3730408106526e-17 18.152240934977428 -1.4142135623730951 1.7319121124709868e-16 18.585786437626904 128 128 128
-1.4142135623730951 1.7319121124709868e-16 18.585786437626904 -0.7653668647301798 9.3730408106526e-17 18.152240934977428 -0.5411961001461972 -0.5411961001461971 18.152240934977428 128 128 128
-1.4142135623730951 1.7319121124709868e-16 18.585786437626904 -0.5411961001461972 -0.5411961001461971 18.152240934977428 -1.0000000000000002 -1.0 18.585786437626904 128 128 128
-1.0000000000000002 -1.0 18.585786437626904 -0.5411961001461972 -0.5411961001461971 18.152240934977428 -1.4059561215978898e-16 -0.7653668647301798 18.152240934977428 128 128 128
-1.0000000000000002 -1.0 18.585786437626904 -1.4059561215978898e-16 -0.7653668647301798 18.152240934977428 -2.59786816870648e-16 -1.4142135623730951 18.585786437626904 128 128 128
-2.59786816870648e-16 -1.4142135623730951 18.585786437626904 -1.4059561215978898e-16 -0.7653668647301798 18.152240934977428 0.541196100146197 -0.5411961001461972 18.152240934977428 128 128 128
-2.59786816870648e-16 -1.4142135623730951 18.585786437626904 0.541196100146197 -0.5411961001461972 18.152240934977428 0.9999999999999998 -1.0000000000000002 18.585786437626904 128 128 128
0.9999999999999998 -1.0000000000000002 18.585786437626904 0.541196100146197 -0.5411961001461972 18.152240934977428 0.7653668647301798 0.0 18.152240934977428 128 128 128
0.9999999999999998 -1.0000000000000002 18.585786437626904 0.7653668647301798 0.0 18.152240934977428 1.4142135623730951 0.0 18.585786437626904 128 128 128
0.7653668647301798 0.0 18.152240934977428 2.4492935982947064e-16 0.0 18.0 1.7319121124709868e-16 1.7319121124709868e-16 18.0 128 128 128
0.7653668647301798 0.0 18.152240934977428 1.7319121124709868e-16 1.7319121124709868e-16 18.0 0.5411961001461972 0.5411961001461972 18.152240934977428 128 128 128
0.5411961001461972 0.5411961001461972 18.152240934977428 1.7319121124709868e-16 1.7319121124709868e-16 18.0 1.4997597826618576e-32 2.4492935982947064e-16 18.0 128 128 128
0.5411961001461972 0.5411961001461972 18.152240934977428 1.4997597826618576e-32 2.4492935982947064e-16 18.0 4.6865204053263e-17 0.7653668647301798 18.152240934977428 128 128 128
4.6865204053263e-17 0.7653668647301798 18.152240934977428 1.4997597826618576e-32 2.4492935982947064e-16 18.0 -1.7319121124709863e-16 1.7319121124709868e-16 18.0 128 128 128
4.6865204053263e-17 0.7653668647301798 18.152240934977428 -1.7319121124709863e-16 1.7319121124709868e-16 18.0 -0.5411961001461971 0.5411961001461972 18.152240934977428 128 128 128
-0.5411961001461971 0.5411961001461972 18.152240934977428 -1.7319121124709863e-16 1.7319121124709868e-16 18.0 -2.4492935982947064e-16 2.999519565323715e-32 18.0 128 128 128
-0.5411961001461971 0.5411961001461972 18.152240934977428 -2.4492935982947064e-16 2.999519565323715e-32 18.0 -0.7653668647301798 9.3730408106526e-17 18.152240934977428 128 128 128
-0.7653668647301798 9.3730408106526e-17 18.152240934977428 -2.4492935982947064e-16 2.999519565323715e-32 18.0 -1.731912112470987e-16 -1.7319121124709863e-16 18.0 128 128 128
-0.7653668647301798 9.3730408106526e-17 18.152240934977428 -1.731912112470987e-16 -1.7319121124709863e-16 18.0 -0.5411961001461972 -0.5411961001461971 18.152240934977428 128 128 128
-0.5411961001461972 -0.5411961001461971 18.152240934977428 -1.731912112470987e-16 -1.7319121124709863e-16 18.0 -4.499279347985573e-32 -2.4492935982947064e-16 18.0 128 128 128
-0.5411961001461972 -0.5411961001461971 18.152240934977428 -4.499279347985573e-32 -2.4492935982947064e-16 18.0 -1.4059561215978898e-16 -0.7653668647301798 18.152240934977428 128 128 128
-1.4059561215978898e-16 -0.7653668647301798 18.152240934977428 -4.499279347985573e-32 -2.4492935982947064e-16 18.0 1.731912112470986e-16 -1.731912112470987e-16 18.0 128 128 128
-1.4059561215978898e-16 -0.7653668647301798 18.152240934977428 1.731912112470986e-16 -1.731912112470987e-16 18.0 0.541196100146197 -0.5411961001461972 18.152240934977428 128 128 128
0.541196100146197 -0.5411961001461972 18.152240934977428 1.731912112470986e-16 -1.731912112470987e-16 18.0 2.4492935982947064e-16 0.0 18.0 128 128 128
0.541196100146197 -0.5411961001461972 18.152240934977428 2.4492935982947064e-16 0.0 18.0 0.7653668647301798 0.0 18.152240934977428 128 128 128
