
# New cube
1.0 -0.5 4.5 2.0 -0.5 4.5
2.0 -0.5 4.5 2.0 0.5 4.5
2.0 0.5 4.5 1.0 0.5 4.5
1.0 0.5 4.5 1.0 -0.5 4.5
1.0 -0.5 5.5 2.0 -0.5 5.5
2.0 -0.5 5.5 2.0 0.5 5.5
2.0 0.5 5.5 1.0 0.5 5.5
1.0 0.5 5.5 1.0 -0.5 5.5
1.0 -0.5 4.5 1.0 -0.5 5.5
2.0 -0.5 4.5 2.0 -0.5 5.5
2.0 0.5 4.5 2.0 0.5 5.5
1.0 0.5 4.5 1.0 0.5 5.5

# New cube
1.0 -0.5 6.5 2.0 -0.5 6.5
2.0 -0.5 6.5 2.0 0.5 6.5
2.0 0.5 6.5 1.0 0.5 6.5
1.0 0.5 6.5 1.0 -0.5 6.5
1.0 -0.5 7.5 2.0 -0.5 7.5
2.0 -0.5 7.5 2.0 0.5 7.5
2.0 0.5 7.5 1.0 0.5 7.5
1.0 0.5 7.5 1.0 -0.5 7.5
1.0 -0.5 6.5 1.0 -0.5 7.5
2.0 -0.5 6.5 2.0 -0.5 7.5
2.0 0.5 6.5 2.0 0.5 7.5
1.0 0.5 6.5 1.0 0.5 7.5

# New cube
-2.0 -0.5 6.5 -1.0 -0.5 6.5
-1.0 -0.5 6.5 -1.0 0.5 6.5
-1.0 0.5 6.5 -2.0 0.5 6.5
-2.0 0.5 6.5 -2.0 -0.5 6.5
-2.0 -0.5 7.5 -1.0 -0.5 7.5
-1.0 -0.5 7.5 -1.0 0.5 7.5
-1.0 0.5 7.5 -2.0 0.5 7.5
-2.0 0.5 7.5 -2.0 -0.5 7.5
-2.0 -0.5 6.5 -2.0 -0.5 7.5
-1.0 -0.5 6.5 -1.0 -0.5 7.5
-1.0 0.5 6.5 -1.0 0.5 7.5
-2.0 0.5 6.5 -2.0 0.5 7.5

# New cube
-2.0 -0.5 4.5 -1.0 -0.5 4.5
-1.0 -0.5 4.5 -1.0 0.5 4.5
-1.0 0.5 4.5 -2.0 0.5 4.5
-2.0 0.5 4.5 -2.0 -0.5 4.5
-2.0 -0.5 5.5 -1.0 -0.5 5.5
-1.0 -0.5 5.5 -1.0 0.5 5.5
-1.0 0.5 5.5 -2.0 0.5 5.5
-2.0 0.5 5.5 -2.0 -0.5 5.5
-2.0 -0.5 4.5 -2.0 -0.5 5.5
-1.0 -0.5 4.5 -1.0 -0.5 5.5
-1.0 0.5 4.5 -1.0 0.5 5.5
-2.0 0.5 4.5 -2.0 0.5 5.5

#EE Logo
-1 12 50 3 12 50
3 12 50 2 11 50
2 11 50 6 11 50
6 11 50 5 3 50
5 3 50 6 3 50
6 3 50 3 1 50
3 1 50 1 3 50
1 3 50 1.8 3 50
1.8 3 50 2 4 50
2 4 50 -2 4 50
-2 4 50 -1 12 50


#E
1 10 50 3 10 50
3 10 50 4 9 50
4 9 50 4 7 50
4 7 50 1 7 50
1 7 50 1 6 50
1 6 50 4 6 50
4 6 50 3 5 50
3 5 50 1 5 50
1 5 50 0 6 50
0 6 50 0 9 50
0 9 50 1 10 50

#Hole
1.5 9 50 2.5 9 50
2.5 9 50 3 8 50
3 8 50 1 8 50
1 8 50 1.5 9 50
1 8 40 1.5 9 40 1 1 40 0 255 0
1 8 50 1.5 9 50 1 1 50 255 0 0
1 8 30 1.5 9 30 1 1 30 0 0 255

