
# New cube
2.5 -0.5 12.5 3.5 -0.5 12.5
3.5 -0.5 12.5 3.5 0.5 12.5
3.5 0.5 12.5 2.5 0.5 12.5
2.5 0.5 12.5 2.5 -0.5 12.5
2.5 -0.5 13.5 3.5 -0.5 13.5
3.5 -0.5 13.5 3.5 0.5 13.5
3.5 0.5 13.5 2.5 0.5 13.5
2.5 0.5 13.5 2.5 -0.5 13.5
2.5 -0.5 12.5 2.5 -0.5 13.5
3.5 -0.5 12.5 3.5 -0.5 13.5
3.5 0.5 12.5 3.5 0.5 13.5
2.5 0.5 12.5 2.5 0.5 13.5

# New cube
-3.5 -0.5 12.5 -2.5 -0.5 12.5
-2.5 -0.5 12.5 -2.5 0.5 12.5
-2.5 0.5 12.5 -3.5 0.5 12.5
-3.5 0.5 12.5 -3.5 -0.5 12.5
-3.5 -0.5 13.5 -2.5 -0.5 13.5
-2.5 -0.5 13.5 -2.5 0.5 13.5
-2.5 0.5 13.5 -3.5 0.5 13.5
-3.5 0.5 13.5 -3.5 -0.5 13.5
-3.5 -0.5 12.5 -3.5 -0.5 13.5
-2.5 -0.5 12.5 -2.5 -0.5 13.5
-2.5 0.5 12.5 -2.5 0.5 13.5
-3.5 0.5 12.5 -3.5 0.5 13.5

# New cube
-3.5 -0.5 8.5 -2.5 -0.5 8.5
-2.5 -0.5 8.5 -2.5 0.5 8.5
-2.5 0.5 8.5 -3.5 0.5 8.5
-3.5 0.5 8.5 -3.5 -0.5 8.5
-3.5 -0.5 9.5 -2.5 -0.5 9.5
-2.5 -0.5 9.5 -2.5 0.5 9.5
-2.5 0.5 9.5 -3.5 0.5 9.5
-3.5 0.5 9.5 -3.5 -0.5 9.5
-3.5 -0.5 8.5 -3.5 -0.5 9.5
-2.5 -0.5 8.5 -2.5 -0.5 9.5
-2.5 0.5 8.5 -2.5 0.5 9.5
-3.5 0.5 8.5 -3.5 0.5 9.5

# New cube
2.5 -0.5 8.5 3.5 -0.5 8.5
3.5 -0.5 8.5 3.5 0.5 8.5
3.5 0.5 8.5 2.5 0.5 8.5
2.5 0.5 8.5 2.5 -0.5 8.5
2.5 -0.5 9.5 3.5 -0.5 9.5
3.5 -0.5 9.5 3.5 0.5 9.5
3.5 0.5 9.5 2.5 0.5 9.5
2.5 0.5 9.5 2.5 -0.5 9.5
2.5 -0.5 8.5 2.5 -0.5 9.5
3.5 -0.5 8.5 3.5 -0.5 9.5
3.5 0.5 8.5 3.5 0.5 9.5
2.5 0.5 8.5 2.5 0.5 9.5
