
# New cube
2.5 -0.5 9.5 3.5 -0.5 9.5
3.5 -0.5 9.5 3.5 0.5 9.5
3.5 0.5 9.5 2.5 0.5 9.5
2.5 0.5 9.5 2.5 -0.5 9.5
2.5 -0.5 10.5 3.5 -0.5 10.5
3.5 -0.5 10.5 3.5 0.5 10.5
3.5 0.5 10.5 2.5 0.5 10.5
2.5 0.5 10.5 2.5 -0.5 10.5
2.5 -0.5 9.5 2.5 -0.5 10.5
3.5 -0.5 9.5 3.5 -0.5 10.5
3.5 0.5 9.5 3.5 0.5 10.5
2.5 0.5 9.5 2.5 0.5 10.5

# New cube
2.5 -0.5 9.5 3.5 -0.5 9.5
3.5 -0.5 9.5 3.5 0.5 9.5
3.5 0.5 9.5 2.5 0.5 9.5
2.5 0.5 9.5 2.5 -0.5 9.5
2.5 -0.5 10.5 3.5 -0.5 10.5
3.5 -0.5 10.5 3.5 0.5 10.5
3.5 0.5 10.5 2.5 0.5 10.5
2.5 0.5 10.5 2.5 -0.5 10.5
2.5 -0.5 9.5 2.5 -0.5 10.5
3.5 -0.5 9.5 3.5 -0.5 10.5
3.5 0.5 9.5 3.5 0.5 10.5
2.5 0.5 9.5 2.5 0.5 10.5
