#Sphere
0.000000 0.000000 11.000000 0.309017 0.000000 10.951057 0.293893 0.095492 10.951057 128 128 128
0.000000 0.000000 11.000000 0.293893 0.095492 10.951057 0.000000 0.000000 11.000000 128 128 128
0.000000 0.000000 11.000000 0.293893 0.095492 10.951057 0.250000 0.181636 10.951057 128 128 128
0.000000 0.000000 11.000000 0.250000 0.181636 10.951057 0.000000 0.000000 11.000000 128 128 128
0.000000 0.000000 11.000000 0.250000 0.181636 10.951057 0.181636 0.250000 10.951057 128 128 128
0.000000 0.000000 11.000000 0.181636 0.250000 10.951057 0.000000 0.000000 11.000000 128 128 128
0.000000 0.000000 11.000000 0.181636 0.250000 10.951057 0.095492 0.293893 10.951057 128 128 128
0.000000 0.000000 11.000000 0.095492 0.293893 10.951057 0.000000 0.000000 11.000000 128 128 128
0.000000 0.000000 11.000000 0.095492 0.293893 10.951057 0.000000 0.309017 10.951057 128 128 128
0.000000 0.000000 11.000000 0.000000 0.309017 10.951057 0.000000 0.000000 11.000000 128 128 128
0.000000 0.000000 11.000000 0.000000 0.309017 10.951057 -0.095492 0.293893 10.951057 128 128 128
0.000000 0.000000 11.000000 -0.095492 0.293893 10.951057 0.000000 0.000000 11.000000 128 128 128
0.000000 0.000000 11.000000 -0.095492 0.293893 10.951057 -0.181636 0.250000 10.951057 128 128 128
0.000000 0.000000 11.000000 -0.181636 0.250000 10.951057 0.000000 0.000000 11.000000 128 128 128
0.000000 0.000000 11.000000 -0.181636 0.250000 10.951057 -0.250000 0.181636 10.951057 128 128 128
0.000000 0.000000 11.000000 -0.250000 0.181636 10.951057 0.000000 0.000000 11.000000 128 128 128
0.000000 0.000000 11.000000 -0.250000 0.181636 10.951057 -0.293893 0.095492 10.951057 128 128 128
0.000000 0.000000 11.000000 -0.293893 0.095492 10.951057 0.000000 0.000000 11.000000 128 128 128
0.000000 0.000000 11.000000 -0.293893 0.095492 10.951057 -0.309017 0.000000 10.951057 128 128 128
0.000000 0.000000 11.000000 -0.309017 0.000000 10.951057 0.000000 0.000000 11.000000 128 128 128
0.000000 0.000000 11.000000 -0.309017 0.000000 10.951057 -0.293893 -0.095492 10.951057 128 128 128
0.000000 0.000000 11.000000 -0.293893 -0.095492 10.951057 0.000000 0.000000 11.000000 128 128 128
0.000000 0.000000 11.000000 -0.293893 -0.095492 10.951057 -0.250000 -0.181636 10.951057 128 128 128
0.000000 0.000000 11.000000 -0.250000 -0.181636 10.951057 0.000000 0.000000 11.000000 128 128 128
0.000000 0.000000 11.000000 -0.250000 -0.181636 10.951057 -0.181636 -0.250000 10.951057 128 128 128
0.000000 0.000000 11.000000 -0.181636 -0.250000 10.951057 0.000000 0.000000 11.000000 128 128 128
0.000000 0.000000 11.000000 -0.181636 -0.250000 10.951057 -0.095492 -0.293893 10.951057 128 128 128
0.000000 0.000000 11.000000 -0.095492 -0.293893 10.951057 0.000000 0.000000 11.000000 128 128 128
0.000000 0.000000 11.000000 -0.095492 -0.293893 10.951057 -0.000000 -0.309017 10.951057 128 128 128
0.000000 0.000000 11.000000 -0.000000 -0.309017 10.951057 0.000000 0.000000 11.000000 128 128 128
0.000000 0.000000 11.000000 -0.000000 -0.309017 10.951057 0.095492 -0.293893 10.951057 128 128 128
0.000000 0.000000 11.000000 0.095492 -0.293893 10.951057 0.000000 0.000000 11.000000 128 128 128
0.000000 0.000000 11.000000 0.095492 -0.293893 10.951057 0.181636 -0.250000 10.951057 128 128 128
0.000000 0.000000 11.000000 0.181636 -0.250000 10.951057 0.000000 0.000000 11.000000 128 128 128
0.000000 0.000000 11.000000 0.181636 -0.250000 10.951057 0.250000 -0.181636 10.951057 128 128 128
0.000000 0.000000 11.000000 0.250000 -0.181636 10.951057 0.000000 0.000000 11.000000 128 128 128
0.000000 0.000000 11.000000 0.250000 -0.181636 10.951057 0.293893 -0.095492 10.951057 128 128 128
0.000000 0.000000 11.000000 0.293893 -0.095492 10.951057 0.000000 0.000000 11.000000 128 128 128
0.000000 0.000000 11.000000 0.293893 -0.095492 10.951057 0.309017 -0.000000 10.951057 128 128 128
0.000000 0.000000 11.000000 0.309017 -0.000000 10.951057 0.000000 0.000000 11.000000 128 128 128
0.309017 0.000000 10.951057 0.587785 0.000000 10.809017 0.559017 0.181636 10.809017 128 128 128
0.309017 0.000000 10.951057 0.559017 0.181636 10.809017 0.293893 0.095492 10.951057 128 128 128
0.293893 0.095492 10.951057 0.559017 0.181636 10.809017 0.475528 0.345492 10.809017 128 128 128
0.293893 0.095492 10.951057 0.475528 0.345492 10.809017 0.250000 0.181636 10.951057 128 128 128
0.250000 0.181636 10.951057 0.475528 0.345492 10.809017 0.345492 0.475528 10.809017 128 128 128
0.250000 0.181636 10.951057 0.345492 0.475528 10.809017 0.181636 0.250000 10.951057 128 128 128
0.181636 0.250000 10.951057 0.345492 0.475528 10.809017 0.181636 0.559017 10.809017 128 128 128
0.181636 0.250000 10.951057 0.181636 0.559017 10.809017 0.095492 0.293893 10.951057 128 128 128
0.095492 0.293893 10.951057 0.181636 0.559017 10.809017 0.000000 0.587785 10.809017 128 128 128
0.095492 0.293893 10.951057 0.000000 0.587785 10.809017 0.000000 0.309017 10.951057 128 128 128
0.000000 0.309017 10.951057 0.000000 0.587785 10.809017 -0.181636 0.559017 10.809017 128 128 128
0.000000 0.309017 10.951057 -0.181636 0.559017 10.809017 -0.095492 0.293893 10.951057 128 128 128
-0.095492 0.293893 10.951057 -0.181636 0.559017 10.809017 -0.345492 0.475528 10.809017 128 128 128
-0.095492 0.293893 10.951057 -0.345492 0.475528 10.809017 -0.181636 0.250000 10.951057 128 128 128
-0.181636 0.250000 10.951057 -0.345492 0.475528 10.809017 -0.475528 0.345492 10.809017 128 128 128
-0.181636 0.250000 10.951057 -0.475528 0.345492 10.809017 -0.250000 0.181636 10.951057 128 128 128
-0.250000 0.181636 10.951057 -0.475528 0.345492 10.809017 -0.559017 0.181636 10.809017 128 128 128
-0.250000 0.181636 10.951057 -0.559017 0.181636 10.809017 -0.293893 0.095492 10.951057 128 128 128
-0.293893 0.095492 10.951057 -0.559017 0.181636 10.809017 -0.587785 0.000000 10.809017 128 128 128
-0.293893 0.095492 10.951057 -0.587785 0.000000 10.809017 -0.309017 0.000000 10.951057 128 128 128
-0.309017 0.000000 10.951057 -0.587785 0.000000 10.809017 -0.559017 -0.181636 10.809017 128 128 128
-0.309017 0.000000 10.951057 -0.559017 -0.181636 10.809017 -0.293893 -0.095492 10.951057 128 128 128
-0.293893 -0.095492 10.951057 -0.559017 -0.181636 10.809017 -0.475528 -0.345492 10.809017 128 128 128
-0.293893 -0.095492 10.951057 -0.475528 -0.345492 10.809017 -0.250000 -0.181636 10.951057 128 128 128
-0.250000 -0.181636 10.951057 -0.475528 -0.345492 10.809017 -0.345492 -0.475528 10.809017 128 128 128
-0.250000 -0.181636 10.951057 -0.345492 -0.475528 10.809017 -0.181636 -0.250000 10.951057 128 128 128
-0.181636 -0.250000 10.951057 -0.345492 -0.475528 10.809017 -0.181636 -0.559017 10.809017 128 128 128
-0.181636 -0.250000 10.951057 -0.181636 -0.559017 10.809017 -0.095492 -0.293893 10.951057 128 128 128
-0.095492 -0.293893 10.951057 -0.181636 -0.559017 10.809017 -0.000000 -0.587785 10.809017 128 128 128
-0.095492 -0.293893 10.951057 -0.000000 -0.587785 10.809017 -0.000000 -0.309017 10.951057 128 128 128
-0.000000 -0.309017 10.951057 -0.000000 -0.587785 10.809017 0.181636 -0.559017 10.809017 128 128 128
-0.000000 -0.309017 10.951057 0.181636 -0.559017 10.809017 0.095492 -0.293893 10.951057 128 128 128
0.095492 -0.293893 10.951057 0.181636 -0.559017 10.809017 0.345492 -0.475528 10.809017 128 128 128
0.095492 -0.293893 10.951057 0.345492 -0.475528 10.809017 0.181636 -0.250000 10.951057 128 128 128
0.181636 -0.250000 10.951057 0.345492 -0.475528 10.809017 0.475528 -0.345492 10.809017 128 128 128
0.181636 -0.250000 10.951057 0.475528 -0.345492 10.809017 0.250000 -0.181636 10.951057 128 128 128
0.250000 -0.181636 10.951057 0.475528 -0.345492 10.809017 0.559017 -0.181636 10.809017 128 128 128
0.250000 -0.181636 10.951057 0.559017 -0.181636 10.809017 0.293893 -0.095492 10.951057 128 128 128
0.293893 -0.095492 10.951057 0.559017 -0.181636 10.809017 0.587785 -0.000000 10.809017 128 128 128
0.293893 -0.095492 10.951057 0.587785 -0.000000 10.809017 0.309017 -0.000000 10.951057 128 128 128
0.587785 0.000000 10.809017 0.809017 0.000000 10.587785 0.769421 0.250000 10.587785 128 128 128
0.587785 0.000000 10.809017 0.769421 0.250000 10.587785 0.559017 0.181636 10.809017 128 128 128
0.559017 0.181636 10.809017 0.769421 0.250000 10.587785 0.654508 0.475528 10.587785 128 128 128
0.559017 0.181636 10.809017 0.654508 0.475528 10.587785 0.475528 0.345492 10.809017 128 128 128
0.475528 0.345492 10.809017 0.654508 0.475528 10.587785 0.475528 0.654508 10.587785 128 128 128
0.475528 0.345492 10.809017 0.475528 0.654508 10.587785 0.345492 0.475528 10.809017 128 128 128
0.345492 0.475528 10.809017 0.475528 0.654508 10.587785 0.250000 0.769421 10.587785 128 128 128
0.345492 0.475528 10.809017 0.250000 0.769421 10.587785 0.181636 0.559017 10.809017 128 128 128
0.181636 0.559017 10.809017 0.250000 0.769421 10.587785 0.000000 0.809017 10.587785 128 128 128
0.181636 0.559017 10.809017 0.000000 0.809017 10.587785 0.000000 0.587785 10.809017 128 128 128
0.000000 0.587785 10.809017 0.000000 0.809017 10.587785 -0.250000 0.769421 10.587785 128 128 128
0.000000 0.587785 10.809017 -0.250000 0.769421 10.587785 -0.181636 0.559017 10.809017 128 128 128
-0.181636 0.559017 10.809017 -0.250000 0.769421 10.587785 -0.475528 0.654508 10.587785 128 128 128
-0.181636 0.559017 10.809017 -0.475528 0.654508 10.587785 -0.345492 0.475528 10.809017 128 128 128
-0.345492 0.475528 10.809017 -0.475528 0.654508 10.587785 -0.654508 0.475528 10.587785 128 128 128
-0.345492 0.475528 10.809017 -0.654508 0.475528 10.587785 -0.475528 0.345492 10.809017 128 128 128
-0.475528 0.345492 10.809017 -0.654508 0.475528 10.587785 -0.769421 0.250000 10.587785 128 128 128
-0.475528 0.345492 10.809017 -0.769421 0.250000 10.587785 -0.559017 0.181636 10.809017 128 128 128
-0.559017 0.181636 10.809017 -0.769421 0.250000 10.587785 -0.809017 0.000000 10.587785 128 128 128
-0.559017 0.181636 10.809017 -0.809017 0.000000 10.587785 -0.587785 0.000000 10.809017 128 128 128
-0.587785 0.000000 10.809017 -0.809017 0.000000 10.587785 -0.769421 -0.250000 10.587785 128 128 128
-0.587785 0.000000 10.809017 -0.769421 -0.250000 10.587785 -0.559017 -0.181636 10.809017 128 128 128
-0.559017 -0.181636 10.809017 -0.769421 -0.250000 10.587785 -0.654508 -0.475528 10.587785 128 128 128
-0.559017 -0.181636 10.809017 -0.654508 -0.475528 10.587785 -0.475528 -0.345492 10.809017 128 128 128
-0.475528 -0.345492 10.809017 -0.654508 -0.475528 10.587785 -0.475528 -0.654508 10.587785 128 128 128
-0.475528 -0.345492 10.809017 -0.475528 -0.654508 10.587785 -0.345492 -0.475528 10.809017 128 128 128
-0.345492 -0.475528 10.809017 -0.475528 -0.654508 10.587785 -0.250000 -0.769421 10.587785 128 128 128
-0.345492 -0.475528 10.809017 -0.250000 -0.769421 10.587785 -0.181636 -0.559017 10.809017 128 128 128
-0.181636 -0.559017 10.809017 -0.250000 -0.769421 10.587785 -0.000000 -0.809017 10.587785 128 128 128
-0.181636 -0.559017 10.809017 -0.000000 -0.809017 10.587785 -0.000000 -0.587785 10.809017 128 128 128
-0.000000 -0.587785 10.809017 -0.000000 -0.809017 10.587785 0.250000 -0.769421 10.587785 128 128 128
-0.000000 -0.587785 10.809017 0.250000 -0.769421 10.587785 0.181636 -0.559017 10.809017 128 128 128
0.181636 -0.559017 10.809017 0.250000 -0.769421 10.587785 0.475528 -0.654508 10.587785 128 128 128
0.181636 -0.559017 10.809017 0.475528 -0.654508 10.587785 0.345492 -0.475528 10.809017 128 128 128
0.345492 -0.475528 10.809017 0.475528 -0.654508 10.587785 0.654508 -0.475528 10.587785 128 128 128
0.345492 -0.475528 10.809017 0.654508 -0.475528 10.587785 0.475528 -0.345492 10.809017 128 128 128
0.475528 -0.345492 10.809017 0.654508 -0.475528 10.587785 0.769421 -0.250000 10.587785 128 128 128
0.475528 -0.345492 10.809017 0.769421 -0.250000 10.587785 0.559017 -0.181636 10.809017 128 128 128
0.559017 -0.181636 10.809017 0.769421 -0.250000 10.587785 0.809017 -0.000000 10.587785 128 128 128
0.559017 -0.181636 10.809017 0.809017 -0.000000 10.587785 0.587785 -0.000000 10.809017 128 128 128
0.809017 0.000000 10.587785 0.951057 0.000000 10.309017 0.904508 0.293893 10.309017 128 128 128
0.809017 0.000000 10.587785 0.904508 0.293893 10.309017 0.769421 0.250000 10.587785 128 128 128
0.769421 0.250000 10.587785 0.904508 0.293893 10.309017 0.769421 0.559017 10.309017 128 128 128
0.769421 0.250000 10.587785 0.769421 0.559017 10.309017 0.654508 0.475528 10.587785 128 128 128
0.654508 0.475528 10.587785 0.769421 0.559017 10.309017 0.559017 0.769421 10.309017 128 128 128
0.654508 0.475528 10.587785 0.559017 0.769421 10.309017 0.475528 0.654508 10.587785 128 128 128
0.475528 0.654508 10.587785 0.559017 0.769421 10.309017 0.293893 0.904508 10.309017 128 128 128
0.475528 0.654508 10.587785 0.293893 0.904508 10.309017 0.250000 0.769421 10.587785 128 128 128
0.250000 0.769421 10.587785 0.293893 0.904508 10.309017 0.000000 0.951057 10.309017 128 128 128
0.250000 0.769421 10.587785 0.000000 0.951057 10.309017 0.000000 0.809017 10.587785 128 128 128
0.000000 0.809017 10.587785 0.000000 0.951057 10.309017 -0.293893 0.904508 10.309017 128 128 128
0.000000 0.809017 10.587785 -0.293893 0.904508 10.309017 -0.250000 0.769421 10.587785 128 128 128
-0.250000 0.769421 10.587785 -0.293893 0.904508 10.309017 -0.559017 0.769421 10.309017 128 128 128
-0.250000 0.769421 10.587785 -0.559017 0.769421 10.309017 -0.475528 0.654508 10.587785 128 128 128
-0.475528 0.654508 10.587785 -0.559017 0.769421 10.309017 -0.769421 0.559017 10.309017 128 128 128
-0.475528 0.654508 10.587785 -0.769421 0.559017 10.309017 -0.654508 0.475528 10.587785 128 128 128
-0.654508 0.475528 10.587785 -0.769421 0.559017 10.309017 -0.904508 0.293893 10.309017 128 128 128
-0.654508 0.475528 10.587785 -0.904508 0.293893 10.309017 -0.769421 0.250000 10.587785 128 128 128
-0.769421 0.250000 10.587785 -0.904508 0.293893 10.309017 -0.951057 0.000000 10.309017 128 128 128
-0.769421 0.250000 10.587785 -0.951057 0.000000 10.309017 -0.809017 0.000000 10.587785 128 128 128
-0.809017 0.000000 10.587785 -0.951057 0.000000 10.309017 -0.904508 -0.293893 10.309017 128 128 128
-0.809017 0.000000 10.587785 -0.904508 -0.293893 10.309017 -0.769421 -0.250000 10.587785 128 128 128
-0.769421 -0.250000 10.587785 -0.904508 -0.293893 10.309017 -0.769421 -0.559017 10.309017 128 128 128
-0.769421 -0.250000 10.587785 -0.769421 -0.559017 10.309017 -0.654508 -0.475528 10.587785 128 128 128
-0.654508 -0.475528 10.587785 -0.769421 -0.559017 10.309017 -0.559017 -0.769421 10.309017 128 128 128
-0.654508 -0.475528 10.587785 -0.559017 -0.769421 10.309017 -0.475528 -0.654508 10.587785 128 128 128
-0.475528 -0.654508 10.587785 -0.559017 -0.769421 10.309017 -0.293893 -0.904508 10.309017 128 128 128
-0.475528 -0.654508 10.587785 -0.293893 -0.904508 10.309017 -0.250000 -0.769421 10.587785 128 128 128
-0.250000 -0.769421 10.587785 -0.293893 -0.904508 10.309017 -0.000000 -0.951057 10.309017 128 128 128
-0.250000 -0.769421 10.587785 -0.000000 -0.951057 10.309017 -0.000000 -0.809017 10.587785 128 128 128
-0.000000 -0.809017 10.587785 -0.000000 -0.951057 10.309017 0.293893 -0.904508 10.309017 128 128 128
-0.000000 -0.809017 10.587785 0.293893 -0.904508 10.309017 0.250000 -0.769421 10.587785 128 128 128
0.250000 -0.769421 10.587785 0.293893 -0.904508 10.309017 0.559017 -0.769421 10.309017 128 128 128
0.250000 -0.769421 10.587785 0.559017 -0.769421 10.309017 0.475528 -0.654508 10.587785 128 128 128
0.475528 -0.654508 10.587785 0.559017 -0.769421 10.309017 0.769421 -0.559017 10.309017 128 128 128
0.475528 -0.654508 10.587785 0.769421 -0.559017 10.309017 0.654508 -0.475528 10.587785 128 128 128
0.654508 -0.475528 10.587785 0.769421 -0.559017 10.309017 0.904508 -0.293893 10.309017 128 128 128
0.654508 -0.475528 10.587785 0.904508 -0.293893 10.309017 0.769421 -0.250000 10.587785 128 128 128
0.769421 -0.250000 10.587785 0.904508 -0.293893 10.309017 0.951057 -0.000000 10.309017 128 128 128
0.769421 -0.250000 10.587785 0.951057 -0.000000 10.309017 0.809017 -0.000000 10.587785 128 128 128
0.951057 0.000000 10.309017 1.000000 0.000000 10.000000 0.951057 0.309017 10.000000 128 128 128
0.951057 0.000000 10.309017 0.951057 0.309017 10.000000 0.904508 0.293893 10.309017 128 128 128
0.904508 0.293893 10.309017 0.951057 0.309017 10.000000 0.809017 0.587785 10.000000 128 128 128
0.904508 0.293893 10.309017 0.809017 0.587785 10.000000 0.769421 0.559017 10.309017 128 128 128
0.769421 0.559017 10.309017 0.809017 0.587785 10.000000 0.587785 0.809017 10.000000 128 128 128
0.769421 0.559017 10.309017 0.587785 0.809017 10.000000 0.559017 0.769421 10.309017 128 128 128
0.559017 0.769421 10.309017 0.587785 0.809017 10.000000 0.309017 0.951057 10.000000 128 128 128
0.559017 0.769421 10.309017 0.309017 0.951057 10.000000 0.293893 0.904508 10.309017 128 128 128
0.293893 0.904508 10.309017 0.309017 0.951057 10.000000 0.000000 1.000000 10.000000 128 128 128
0.293893 0.904508 10.309017 0.000000 1.000000 10.000000 0.000000 0.951057 10.309017 128 128 128
0.000000 0.951057 10.309017 0.000000 1.000000 10.000000 -0.309017 0.951057 10.000000 128 128 128
0.000000 0.951057 10.309017 -0.309017 0.951057 10.000000 -0.293893 0.904508 10.309017 128 128 128
-0.293893 0.904508 10.309017 -0.309017 0.951057 10.000000 -0.587785 0.809017 10.000000 128 128 128
-0.293893 0.904508 10.309017 -0.587785 0.809017 10.000000 -0.559017 0.769421 10.309017 128 128 128
-0.559017 0.769421 10.309017 -0.587785 0.809017 10.000000 -0.809017 0.587785 10.000000 128 128 128
-0.559017 0.769421 10.309017 -0.809017 0.587785 10.000000 -0.769421 0.559017 10.309017 128 128 128
-0.769421 0.559017 10.309017 -0.809017 0.587785 10.000000 -0.951057 0.309017 10.000000 128 128 128
-0.769421 0.559017 10.309017 -0.951057 0.309017 10.000000 -0.904508 0.293893 10.309017 128 128 128
-0.904508 0.293893 10.309017 -0.951057 0.309017 10.000000 -1.000000 0.000000 10.000000 128 128 128
-0.904508 0.293893 10.309017 -1.000000 0.000000 10.000000 -0.951057 0.000000 10.309017 128 128 128
-0.951057 0.000000 10.309017 -1.000000 0.000000 10.000000 -0.951057 -0.309017 10.000000 128 128 128
-0.951057 0.000000 10.309017 -0.951057 -0.309017 10.000000 -0.904508 -0.293893 10.309017 128 128 128
-0.904508 -0.293893 10.309017 -0.951057 -0.309017 10.000000 -0.809017 -0.587785 10.000000 128 128 128
-0.904508 -0.293893 10.309017 -0.809017 -0.587785 10.000000 -0.769421 -0.559017 10.309017 128 128 128
-0.769421 -0.559017 10.309017 -0.809017 -0.587785 10.000000 -0.587785 -0.809017 10.000000 128 128 128
-0.769421 -0.559017 10.309017 -0.587785 -0.809017 10.000000 -0.559017 -0.769421 10.309017 128 128 128
-0.559017 -0.769421 10.309017 -0.587785 -0.809017 10.000000 -0.309017 -0.951057 10.000000 128 128 128
-0.559017 -0.769421 10.309017 -0.309017 -0.951057 10.000000 -0.293893 -0.904508 10.309017 128 128 128
-0.293893 -0.904508 10.309017 -0.309017 -0.951057 10.000000 -0.000000 -1.000000 10.000000 128 128 128
-0.293893 -0.904508 10.309017 -0.000000 -1.000000 10.000000 -0.000000 -0.951057 10.309017 128 128 128
-0.000000 -0.951057 10.309017 -0.000000 -1.000000 10.000000 0.309017 -0.951057 10.000000 128 128 128
-0.000000 -0.951057 10.309017 0.309017 -0.951057 10.000000 0.293893 -0.904508 10.309017 128 128 128
0.293893 -0.904508 10.309017 0.309017 -0.951057 10.000000 0.587785 -0.809017 10.000000 128 128 128
0.293893 -0.904508 10.309017 0.587785 -0.809017 10.000000 0.559017 -0.769421 10.309017 128 128 128
0.559017 -0.769421 10.309017 0.587785 -0.809017 10.000000 0.809017 -0.587785 10.000000 128 128 128
0.559017 -0.769421 10.309017 0.809017 -0.587785 10.000000 0.769421 -0.559017 10.309017 128 128 128
0.769421 -0.559017 10.309017 0.809017 -0.587785 10.000000 0.951057 -0.309017 10.000000 128 128 128
0.769421 -0.559017 10.309017 0.951057 -0.309017 10.000000 0.904508 -0.293893 10.309017 128 128 128
0.904508 -0.293893 10.309017 0.951057 -0.309017 10.000000 1.000000 -0.000000 10.000000 128 128 128
0.904508 -0.293893 10.309017 1.000000 -0.000000 10.000000 0.951057 -0.000000 10.309017 128 128 128
1.000000 0.000000 10.000000 0.951057 0.000000 9.690983 0.904508 0.293893 9.690983 128 128 128
1.000000 0.000000 10.000000 0.904508 0.293893 9.690983 0.951057 0.309017 10.000000 128 128 128
0.951057 0.309017 10.000000 0.904508 0.293893 9.690983 0.769421 0.559017 9.690983 128 128 128
0.951057 0.309017 10.000000 0.769421 0.559017 9.690983 0.809017 0.587785 10.000000 128 128 128
0.809017 0.587785 10.000000 0.769421 0.559017 9.690983 0.559017 0.769421 9.690983 128 128 128
0.809017 0.587785 10.000000 0.559017 0.769421 9.690983 0.587785 0.809017 10.000000 128 128 128
0.587785 0.809017 10.000000 0.559017 0.769421 9.690983 0.293893 0.904508 9.690983 128 128 128
0.587785 0.809017 10.000000 0.293893 0.904508 9.690983 0.309017 0.951057 10.000000 128 128 128
0.309017 0.951057 10.000000 0.293893 0.904508 9.690983 0.000000 0.951057 9.690983 128 128 128
0.309017 0.951057 10.000000 0.000000 0.951057 9.690983 0.000000 1.000000 10.000000 128 128 128
0.000000 1.000000 10.000000 0.000000 0.951057 9.690983 -0.293893 0.904508 9.690983 128 128 128
0.000000 1.000000 10.000000 -0.293893 0.904508 9.690983 -0.309017 0.951057 10.000000 128 128 128
-0.309017 0.951057 10.000000 -0.293893 0.904508 9.690983 -0.559017 0.769421 9.690983 128 128 128
-0.309017 0.951057 10.000000 -0.559017 0.769421 9.690983 -0.587785 0.809017 10.000000 128 128 128
-0.587785 0.809017 10.000000 -0.559017 0.769421 9.690983 -0.769421 0.559017 9.690983 128 128 128
-0.587785 0.809017 10.000000 -0.769421 0.559017 9.690983 -0.809017 0.587785 10.000000 128 128 128
-0.809017 0.587785 10.000000 -0.769421 0.559017 9.690983 -0.904508 0.293893 9.690983 128 128 128
-0.809017 0.587785 10.000000 -0.904508 0.293893 9.690983 -0.951057 0.309017 10.000000 128 128 128
-0.951057 0.309017 10.000000 -0.904508 0.293893 9.690983 -0.951057 0.000000 9.690983 128 128 128
-0.951057 0.309017 10.000000 -0.951057 0.000000 9.690983 -1.000000 0.000000 10.000000 128 128 128
-1.000000 0.000000 10.000000 -0.951057 0.000000 9.690983 -0.904508 -0.293893 9.690983 128 128 128
-1.000000 0.000000 10.000000 -0.904508 -0.293893 9.690983 -0.951057 -0.309017 10.000000 128 128 128
-0.951057 -0.309017 10.000000 -0.904508 -0.293893 9.690983 -0.769421 -0.559017 9.690983 128 128 128
-0.951057 -0.309017 10.000000 -0.769421 -0.559017 9.690983 -0.809017 -0.587785 10.000000 128 128 128
-0.809017 -0.587785 10.000000 -0.769421 -0.559017 9.690983 -0.559017 -0.769421 9.690983 128 128 128
-0.809017 -0.587785 10.000000 -0.559017 -0.769421 9.690983 -0.587785 -0.809017 10.000000 128 128 128
-0.587785 -0.809017 10.000000 -0.559017 -0.769421 9.690983 -0.293893 -0.904508 9.690983 128 128 128
-0.587785 -0.809017 10.000000 -0.293893 -0.904508 9.690983 -0.309017 -0.951057 10.000000 128 128 128
-0.309017 -0.951057 10.000000 -0.293893 -0.904508 9.690983 -0.000000 -0.951057 9.690983 128 128 128
-0.309017 -0.951057 10.000000 -0.000000 -0.951057 9.690983 -0.000000 -1.000000 10.000000 128 128 128
-0.000000 -1.000000 10.000000 -0.000000 -0.951057 9.690983 0.293893 -0.904508 9.690983 128 128 128
-0.000000 -1.000000 10.000000 0.293893 -0.904508 9.690983 0.309017 -0.951057 10.000000 128 128 128
0.309017 -0.951057 10.000000 0.293893 -0.904508 9.690983 0.559017 -0.769421 9.690983 128 128 128
0.309017 -0.951057 10.000000 0.559017 -0.769421 9.690983 0.587785 -0.809017 10.000000 128 128 128
0.587785 -0.809017 10.000000 0.559017 -0.769421 9.690983 0.769421 -0.559017 9.690983 128 128 128
0.587785 -0.809017 10.000000 0.769421 -0.559017 9.690983 0.809017 -0.587785 10.000000 128 128 128
0.809017 -0.587785 10.000000 0.769421 -0.559017 9.690983 0.904508 -0.293893 9.690983 128 128 128
0.809017 -0.587785 10.000000 0.904508 -0.293893 9.690983 0.951057 -0.309017 10.000000 128 128 128
0.951057 -0.309017 10.000000 0.904508 -0.293893 9.690983 0.951057 -0.000000 9.690983 128 128 128
0.951057 -0.309017 10.000000 0.951057 -0.000000 9.690983 1.000000 -0.000000 10.000000 128 128 128
0.951057 0.000000 9.690983 0.809017 0.000000 9.412215 0.769421 0.250000 9.412215 128 128 128
0.951057 0.000000 9.690983 0.769421 0.250000 9.412215 0.904508 0.293893 9.690983 128 128 128
0.904508 0.293893 9.690983 0.769421 0.250000 9.412215 0.654508 0.475528 9.412215 128 128 128
0.904508 0.293893 9.690983 0.654508 0.475528 9.412215 0.769421 0.559017 9.690983 128 128 128
0.769421 0.559017 9.690983 0.654508 0.475528 9.412215 0.475528 0.654508 9.412215 128 128 128
0.769421 0.559017 9.690983 0.475528 0.654508 9.412215 0.559017 0.769421 9.690983 128 128 128
0.559017 0.769421 9.690983 0.475528 0.654508 9.412215 0.250000 0.769421 9.412215 128 128 128
0.559017 0.769421 9.690983 0.250000 0.769421 9.412215 0.293893 0.904508 9.690983 128 128 128
0.293893 0.904508 9.690983 0.250000 0.769421 9.412215 0.000000 0.809017 9.412215 128 128 128
0.293893 0.904508 9.690983 0.000000 0.809017 9.412215 0.000000 0.951057 9.690983 128 128 128
0.000000 0.951057 9.690983 0.000000 0.809017 9.412215 -0.250000 0.769421 9.412215 128 128 128
0.000000 0.951057 9.690983 -0.250000 0.769421 9.412215 -0.293893 0.904508 9.690983 128 128 128
-0.293893 0.904508 9.690983 -0.250000 0.769421 9.412215 -0.475528 0.654508 9.412215 128 128 128
-0.293893 0.904508 9.690983 -0.475528 0.654508 9.412215 -0.559017 0.769421 9.690983 128 128 128
-0.559017 0.769421 9.690983 -0.475528 0.654508 9.412215 -0.654508 0.475528 9.412215 128 128 128
-0.559017 0.769421 9.690983 -0.654508 0.475528 9.412215 -0.769421 0.559017 9.690983 128 128 128
-0.769421 0.559017 9.690983 -0.654508 0.475528 9.412215 -0.769421 0.250000 9.412215 128 128 128
-0.769421 0.559017 9.690983 -0.769421 0.250000 9.412215 -0.904508 0.293893 9.690983 128 128 128
-0.904508 0.293893 9.690983 -0.769421 0.250000 9.412215 -0.809017 0.000000 9.412215 128 128 128
-0.904508 0.293893 9.690983 -0.809017 0.000000 9.412215 -0.951057 0.000000 9.690983 128 128 128
-0.951057 0.000000 9.690983 -0.809017 0.000000 9.412215 -0.769421 -0.250000 9.412215 128 128 128
-0.951057 0.000000 9.690983 -0.769421 -0.250000 9.412215 -0.904508 -0.293893 9.690983 128 128 128
-0.904508 -0.293893 9.690983 -0.769421 -0.250000 9.412215 -0.654508 -0.475528 9.412215 128 128 128
-0.904508 -0.293893 9.690983 -0.654508 -0.475528 9.412215 -0.769421 -0.559017 9.690983 128 128 128
-0.769421 -0.559017 9.690983 -0.654508 -0.475528 9.412215 -0.475528 -0.654508 9.412215 128 128 128
-0.769421 -0.559017 9.690983 -0.475528 -0.654508 9.412215 -0.559017 -0.769421 9.690983 128 128 128
-0.559017 -0.769421 9.690983 -0.475528 -0.654508 9.412215 -0.250000 -0.769421 9.412215 128 128 128
-0.559017 -0.769421 9.690983 -0.250000 -0.769421 9.412215 -0.293893 -0.904508 9.690983 128 128 128
-0.293893 -0.904508 9.690983 -0.250000 -0.769421 9.412215 -0.000000 -0.809017 9.412215 128 128 128
-0.293893 -0.904508 9.690983 -0.000000 -0.809017 9.412215 -0.000000 -0.951057 9.690983 128 128 128
-0.000000 -0.951057 9.690983 -0.000000 -0.809017 9.412215 0.250000 -0.769421 9.412215 128 128 128
-0.000000 -0.951057 9.690983 0.250000 -0.769421 9.412215 0.293893 -0.904508 9.690983 128 128 128
0.293893 -0.904508 9.690983 0.250000 -0.769421 9.412215 0.475528 -0.654508 9.412215 128 128 128
0.293893 -0.904508 9.690983 0.475528 -0.654508 9.412215 0.559017 -0.769421 9.690983 128 128 128
0.559017 -0.769421 9.690983 0.475528 -0.654508 9.412215 0.654508 -0.475528 9.412215 128 128 128
0.559017 -0.769421 9.690983 0.654508 -0.475528 9.412215 0.769421 -0.559017 9.690983 128 128 128
0.769421 -0.559017 9.690983 0.654508 -0.475528 9.412215 0.769421 -0.250000 9.412215 128 128 128
0.769421 -0.559017 9.690983 0.769421 -0.250000 9.412215 0.904508 -0.293893 9.690983 128 128 128
0.904508 -0.293893 9.690983 0.769421 -0.250000 9.412215 0.809017 -0.000000 9.412215 128 128 128
0.904508 -0.293893 9.690983 0.809017 -0.000000 9.412215 0.951057 -0.000000 9.690983 128 128 128
0.809017 0.000000 9.412215 0.587785 0.000000 9.190983 0.559017 0.181636 9.190983 128 128 128
0.809017 0.000000 9.412215 0.559017 0.181636 9.190983 0.769421 0.250000 9.412215 128 128 128
0.769421 0.250000 9.412215 0.559017 0.181636 9.190983 0.475528 0.345492 9.190983 128 128 128
0.769421 0.250000 9.412215 0.475528 0.345492 9.190983 0.654508 0.475528 9.412215 128 128 128
0.654508 0.475528 9.412215 0.475528 0.345492 9.190983 0.345492 0.475528 9.190983 128 128 128
0.654508 0.475528 9.412215 0.345492 0.475528 9.190983 0.475528 0.654508 9.412215 128 128 128
0.475528 0.654508 9.412215 0.345492 0.475528 9.190983 0.181636 0.559017 9.190983 128 128 128
0.475528 0.654508 9.412215 0.181636 0.559017 9.190983 0.250000 0.769421 9.412215 128 128 128
0.250000 0.769421 9.412215 0.181636 0.559017 9.190983 0.000000 0.587785 9.190983 128 128 128
0.250000 0.769421 9.412215 0.000000 0.587785 9.190983 0.000000 0.809017 9.412215 128 128 128
0.000000 0.809017 9.412215 0.000000 0.587785 9.190983 -0.181636 0.559017 9.190983 128 128 128
0.000000 0.809017 9.412215 -0.181636 0.559017 9.190983 -0.250000 0.769421 9.412215 128 128 128
-0.250000 0.769421 9.412215 -0.181636 0.559017 9.190983 -0.345492 0.475528 9.190983 128 128 128
-0.250000 0.769421 9.412215 -0.345492 0.475528 9.190983 -0.475528 0.654508 9.412215 128 128 128
-0.475528 0.654508 9.412215 -0.345492 0.475528 9.190983 -0.475528 0.345492 9.190983 128 128 128
-0.475528 0.654508 9.412215 -0.475528 0.345492 9.190983 -0.654508 0.475528 9.412215 128 128 128
-0.654508 0.475528 9.412215 -0.475528 0.345492 9.190983 -0.559017 0.181636 9.190983 128 128 128
-0.654508 0.475528 9.412215 -0.559017 0.181636 9.190983 -0.769421 0.250000 9.412215 128 128 128
-0.769421 0.250000 9.412215 -0.559017 0.181636 9.190983 -0.587785 0.000000 9.190983 128 128 128
-0.769421 0.250000 9.412215 -0.587785 0.000000 9.190983 -0.809017 0.000000 9.412215 128 128 128
-0.809017 0.000000 9.412215 -0.587785 0.000000 9.190983 -0.559017 -0.181636 9.190983 128 128 128
-0.809017 0.000000 9.412215 -0.559017 -0.181636 9.190983 -0.769421 -0.250000 9.412215 128 128 128
-0.769421 -0.250000 9.412215 -0.559017 -0.181636 9.190983 -0.475528 -0.345492 9.190983 128 128 128
-0.769421 -0.250000 9.412215 -0.475528 -0.345492 9.190983 -0.654508 -0.475528 9.412215 128 128 128
-0.654508 -0.475528 9.412215 -0.475528 -0.345492 9.190983 -0.345492 -0.475528 9.190983 128 128 128
-0.654508 -0.475528 9.412215 -0.345492 -0.475528 9.190983 -0.475528 -0.654508 9.412215 128 128 128
-0.475528 -0.654508 9.412215 -0.345492 -0.475528 9.190983 -0.181636 -0.559017 9.190983 128 128 128
-0.475528 -0.654508 9.412215 -0.181636 -0.559017 9.190983 -0.250000 -0.769421 9.412215 128 128 128
-0.250000 -0.769421 9.412215 -0.181636 -0.559017 9.190983 -0.000000 -0.587785 9.190983 128 128 128
-0.250000 -0.769421 9.412215 -0.000000 -0.587785 9.190983 -0.000000 -0.809017 9.412215 128 128 128
-0.000000 -0.809017 9.412215 -0.000000 -0.587785 9.190983 0.181636 -0.559017 9.190983 128 128 128
-0.000000 -0.809017 9.412215 0.181636 -0.559017 9.190983 0.250000 -0.769421 9.412215 128 128 128
0.250000 -0.769421 9.412215 0.181636 -0.559017 9.190983 0.345492 -0.475528 9.190983 128 128 128
0.250000 -0.769421 9.412215 0.345492 -0.475528 9.190983 0.475528 -0.654508 9.412215 128 128 128
0.475528 -0.654508 9.412215 0.345492 -0.475528 9.190983 0.475528 -0.345492 9.190983 128 128 128
0.475528 -0.654508 9.412215 0.475528 -0.345492 9.190983 0.654508 -0.475528 9.412215 128 128 128
0.654508 -0.475528 9.412215 0.475528 -0.345492 9.190983 0.559017 -0.181636 9.190983 128 128 128
0.654508 -0.475528 9.412215 0.559017 -0.181636 9.190983 0.769421 -0.250000 9.412215 128 128 128
0.769421 -0.250000 9.412215 0.559017 -0.181636 9.190983 0.587785 -0.000000 9.190983 128 128 128
0.769421 -0.250000 9.412215 0.587785 -0.000000 9.190983 0.809017 -0.000000 9.412215 128 128 128
0.587785 0.000000 9.190983 0.309017 0.000000 9.048943 0.293893 0.095492 9.048943 128 128 128
0.587785 0.000000 9.190983 0.293893 0.095492 9.048943 0.559017 0.181636 9.190983 128 128 128
0.559017 0.181636 9.190983 0.293893 0.095492 9.048943 0.250000 0.181636 9.048943 128 128 128
0.559017 0.181636 9.190983 0.250000 0.181636 9.048943 0.475528 0.345492 9.190983 128 128 128
0.475528 0.345492 9.190983 0.250000 0.181636 9.048943 0.181636 0.250000 9.048943 128 128 128
0.475528 0.345492 9.190983 0.181636 0.250000 9.048943 0.345492 0.475528 9.190983 128 128 128
0.345492 0.475528 9.190983 0.181636 0.250000 9.048943 0.095492 0.293893 9.048943 128 128 128
0.345492 0.475528 9.190983 0.095492 0.293893 9.048943 0.181636 0.559017 9.190983 128 128 128
0.181636 0.559017 9.190983 0.095492 0.293893 9.048943 0.000000 0.309017 9.048943 128 128 128
0.181636 0.559017 9.190983 0.000000 0.309017 9.048943 0.000000 0.587785 9.190983 128 128 128
0.000000 0.587785 9.190983 0.000000 0.309017 9.048943 -0.095492 0.293893 9.048943 128 128 128
0.000000 0.587785 9.190983 -0.095492 0.293893 9.048943 -0.181636 0.559017 9.190983 128 128 128
-0.181636 0.559017 9.190983 -0.095492 0.293893 9.048943 -0.181636 0.250000 9.048943 128 128 128
-0.181636 0.559017 9.190983 -0.181636 0.250000 9.048943 -0.345492 0.475528 9.190983 128 128 128
-0.345492 0.475528 9.190983 -0.181636 0.250000 9.048943 -0.250000 0.181636 9.048943 128 128 128
-0.345492 0.475528 9.190983 -0.250000 0.181636 9.048943 -0.475528 0.345492 9.190983 128 128 128
-0.475528 0.345492 9.190983 -0.250000 0.181636 9.048943 -0.293893 0.095492 9.048943 128 128 128
-0.475528 0.345492 9.190983 -0.293893 0.095492 9.048943 -0.559017 0.181636 9.190983 128 128 128
-0.559017 0.181636 9.190983 -0.293893 0.095492 9.048943 -0.309017 0.000000 9.048943 128 128 128
-0.559017 0.181636 9.190983 -0.309017 0.000000 9.048943 -0.587785 0.000000 9.190983 128 128 128
-0.587785 0.000000 9.190983 -0.309017 0.000000 9.048943 -0.293893 -0.095492 9.048943 128 128 128
-0.587785 0.000000 9.190983 -0.293893 -0.095492 9.048943 -0.559017 -0.181636 9.190983 128 128 128
-0.559017 -0.181636 9.190983 -0.293893 -0.095492 9.048943 -0.250000 -0.181636 9.048943 128 128 128
-0.559017 -0.181636 9.190983 -0.250000 -0.181636 9.048943 -0.475528 -0.345492 9.190983 128 128 128
-0.475528 -0.345492 9.190983 -0.250000 -0.181636 9.048943 -0.181636 -0.250000 9.048943 128 128 128
-0.475528 -0.345492 9.190983 -0.181636 -0.250000 9.048943 -0.345492 -0.475528 9.190983 128 128 128
-0.345492 -0.475528 9.190983 -0.181636 -0.250000 9.048943 -0.095492 -0.293893 9.048943 128 128 128
-0.345492 -0.475528 9.190983 -0.095492 -0.293893 9.048943 -0.181636 -0.559017 9.190983 128 128 128
-0.181636 -0.559017 9.190983 -0.095492 -0.293893 9.048943 -0.000000 -0.309017 9.048943 128 128 128
-0.181636 -0.559017 9.190983 -0.000000 -0.309017 9.048943 -0.000000 -0.587785 9.190983 128 128 128
-0.000000 -0.587785 9.190983 -0.000000 -0.309017 9.048943 0.095492 -0.293893 9.048943 128 128 128
-0.000000 -0.587785 9.190983 0.095492 -0.293893 9.048943 0.181636 -0.559017 9.190983 128 128 128
0.181636 -0.559017 9.190983 0.095492 -0.293893 9.048943 0.181636 -0.250000 9.048943 128 128 128
0.181636 -0.559017 9.190983 0.181636 -0.250000 9.048943 0.345492 -0.475528 9.190983 128 128 128
0.345492 -0.475528 9.190983 0.181636 -0.250000 9.048943 0.250000 -0.181636 9.048943 128 128 128
0.345492 -0.475528 9.190983 0.250000 -0.181636 9.048943 0.475528 -0.345492 9.190983 128 128 128
0.475528 -0.345492 9.190983 0.250000 -0.181636 9.048943 0.293893 -0.095492 9.048943 128 128 128
0.475528 -0.345492 9.190983 0.293893 -0.095492 9.048943 0.559017 -0.181636 9.190983 128 128 128
0.559017 -0.181636 9.190983 0.293893 -0.095492 9.048943 0.309017 -0.000000 9.048943 128 128 128
0.559017 -0.181636 9.190983 0.309017 -0.000000 9.048943 0.587785 -0.000000 9.190983 128 128 128
0.309017 0.000000 9.048943 0.000000 0.000000 9.000000 0.000000 0.000000 9.000000 128 128 128
0.309017 0.000000 9.048943 0.000000 0.000000 9.000000 0.293893 0.095492 9.048943 128 128 128
0.293893 0.095492 9.048943 0.000000 0.000000 9.000000 0.000000 0.000000 9.000000 128 128 128
0.293893 0.095492 9.048943 0.000000 0.000000 9.000000 0.250000 0.181636 9.048943 128 128 128
0.250000 0.181636 9.048943 0.000000 0.000000 9.000000 0.000000 0.000000 9.000000 128 128 128
0.250000 0.181636 9.048943 0.000000 0.000000 9.000000 0.181636 0.250000 9.048943 128 128 128
0.181636 0.250000 9.048943 0.000000 0.000000 9.000000 0.000000 0.000000 9.000000 128 128 128
0.181636 0.250000 9.048943 0.000000 0.000000 9.000000 0.095492 0.293893 9.048943 128 128 128
0.095492 0.293893 9.048943 0.000000 0.000000 9.000000 0.000000 0.000000 9.000000 128 128 128
0.095492 0.293893 9.048943 0.000000 0.000000 9.000000 0.000000 0.309017 9.048943 128 128 128
0.000000 0.309017 9.048943 0.000000 0.000000 9.000000 -0.000000 0.000000 9.000000 128 128 128
0.000000 0.309017 9.048943 -0.000000 0.000000 9.000000 -0.095492 0.293893 9.048943 128 128 128
-0.095492 0.293893 9.048943 -0.000000 0.000000 9.000000 -0.000000 0.000000 9.000000 128 128 128
-0.095492 0.293893 9.048943 -0.000000 0.000000 9.000000 -0.181636 0.250000 9.048943 128 128 128
-0.181636 0.250000 9.048943 -0.000000 0.000000 9.000000 -0.000000 0.000000 9.000000 128 128 128
-0.181636 0.250000 9.048943 -0.000000 0.000000 9.000000 -0.250000 0.181636 9.048943 128 128 128
-0.250000 0.181636 9.048943 -0.000000 0.000000 9.000000 -0.000000 0.000000 9.000000 128 128 128
-0.250000 0.181636 9.048943 -0.000000 0.000000 9.000000 -0.293893 0.095492 9.048943 128 128 128
-0.293893 0.095492 9.048943 -0.000000 0.000000 9.000000 -0.000000 0.000000 9.000000 128 128 128
-0.293893 0.095492 9.048943 -0.000000 0.000000 9.000000 -0.309017 0.000000 9.048943 128 128 128
-0.309017 0.000000 9.048943 -0.000000 0.000000 9.000000 -0.000000 -0.000000 9.000000 128 128 128
-0.309017 0.000000 9.048943 -0.000000 -0.000000 9.000000 -0.293893 -0.095492 9.048943 128 128 128
-0.293893 -0.095492 9.048943 -0.000000 -0.000000 9.000000 -0.000000 -0.000000 9.000000 128 128 128
-0.293893 -0.095492 9.048943 -0.000000 -0.000000 9.000000 -0.250000 -0.181636 9.048943 128 128 128
-0.250000 -0.181636 9.048943 -0.000000 -0.000000 9.000000 -0.000000 -0.000000 9.000000 128 128 128
-0.250000 -0.181636 9.048943 -0.000000 -0.000000 9.000000 -0.181636 -0.250000 9.048943 128 128 128
-0.181636 -0.250000 9.048943 -0.000000 -0.000000 9.000000 -0.000000 -0.000000 9.000000 128 128 128
-0.181636 -0.250000 9.048943 -0.000000 -0.000000 9.000000 -0.095492 -0.293893 9.048943 128 128 128
-0.095492 -0.293893 9.048943 -0.000000 -0.000000 9.000000 -0.000000 -0.000000 9.000000 128 128 128
-0.095492 -0.293893 9.048943 -0.000000 -0.000000 9.000000 -0.000000 -0.309017 9.048943 128 128 128
-0.000000 -0.309017 9.048943 -0.000000 -0.000000 9.000000 0.000000 -0.000000 9.000000 128 128 128
-0.000000 -0.309017 9.048943 0.000000 -0.000000 9.000000 0.095492 -0.293893 9.048943 128 128 128
0.095492 -0.293893 9.048943 0.000000 -0.000000 9.000000 0.000000 -0.000000 9.000000 128 128 128
0.095492 -0.293893 9.048943 0.000000 -0.000000 9.000000 0.181636 -0.250000 9.048943 128 128 128
0.181636 -0.250000 9.048943 0.000000 -0.000000 9.000000 0.000000 -0.000000 9.000000 128 128 128
0.181636 -0.250000 9.048943 0.000000 -0.000000 9.000000 0.250000 -0.181636 9.048943 128 128 128
0.250000 -0.181636 9.048943 0.000000 -0.000000 9.000000 0.000000 -0.000000 9.000000 128 128 128
0.250000 -0.181636 9.048943 0.000000 -0.000000 9.000000 0.293893 -0.095492 9.048943 128 128 128
0.293893 -0.095492 9.048943 0.000000 -0.000000 9.000000 0.000000 -0.000000 9.000000 128 128 128
0.293893 -0.095492 9.048943 0.000000 -0.000000 9.000000 0.309017 -0.000000 9.048943 128 128 128